91 77
00000000000000000000000000000000000000000000000000000000000000000000000000000
00000111110000000000000000000000000000000000000000000000000000000000000000000
00000100010000000000000000000000000000000000001111101111100000000000000000000
00000100010000000000000000000000000000000000001000101000100000000000000000000
00000111110000000000001111100000000000000000001000101000100000000000000000000
00000000010000000000000000100000000000000000001111101111100000000000000000000
00000000010000000100000000100000000000000000001000101000100011111000000000000
00000111110000001100001111100000000000001111101000101000100010001000000001000
00000000000000000100001000000000000000000000101111101111100010001000010011000
00111110000000000100001000000000111110000000100000000000000010001000110001000
00100010000000000100001111100000100000001111100000000000000010001000010001000
00100010001111100100000000000000100000000000100000000000000010001000010001000
00100010001000100100000000000000111110000000100000000000000011111000010001000
00100010001000100000000000000000100010001111100000001111100000000000010001000
00100010001111100000000000000000100010000000000000000000100000000000010000000
00111110000000100000000000000000111110000000000000000000100010000000000000000
00000000000000100100000100010000000000000000000000001111100110010000000000000
00000000001111101100000100010000000000000000000000001000000010110000001111100
00000000000000000100000100010000000000000000000000001000000010010000001000100
00000000000000000100000111110000000000000000000000001111100010010000001000100
00000000000000000100000000010000000000000011111000000000000010010000001111100
00011111000000000100000000010000000000000010000000000000000010010000001000100
00010000001000100100000000010000000000000010000000000000000000010000001000100
00010000001000100000000000000000000011111011111000000000000000000001001111100
00011111001000100000000000000000000010001000001000000000000000000011000000000
00000001001111100000000000100010000010001000001000000000000000000001000000000
00000001000000100001000101100110000011111011111000000000111110000001000000000
00011111000000100001000100100010000000001000000000000000000010000001000000000
00000000000000100001000100100010000000001000000000111110000010000001001111100
00000000000000000001111100100010000011111000000000100010111110000001000000100
01111100000000000000000100100010000000000000000000100010100000000000000000100
00000100000000000000000100100010000000000000000000111110100000000000001111100
00000100000000000000000100000000000000000000000000000010111110011111001000000
01111100100010000000000000000000000000000000000000000010000000010000001000000
01000000100010000000000000011111000000111110000000111110000000010000001111100
01000000100010010001000000010001000000000010000000000000000000011111000000000
01111100111110010001000000010001000000000010001111100000000000000001000000000
00000000000010010001000000011111000000000100001000000000000000000001001111100
00000000000010011111000000010001010001001000001000000000000000011111001000100
00000000000010000001000000010001010001001000001111100000000000000000001000100
00000000000000000001000100011111010001001000000000100000000000000000001111100
00000000001111100001001100000000011111000000000000100000000100000000000000100
00000000001000100000000100000010000001000000001111100000001100000000000000100
00000000001000100000000100000110001001000000000000000000000100000000001111100
00000000001111100000000100000010011001000000000000001111100100000000000000000
00001111100000100000000100000010001000000000000000001000100100000000000000000
00001000000000100000000100000010001000000001000000001000100100011111000000000
00001000001111100000000000000010001000001011000000001111100100000001011111000
00001111100000000000000000000010001000011001000000000000100000000001010001000
00001000100000000000000000000000001000001001000000000000100000000010010001000
00001000100001000000000000000000000000001001000000001111100000000100011111000
00001111100011000000011111011111000000001001001111100000000000000100010001000
00000000000001000000000001010000000000001001000000100000000000000100010001000
00000000000001000000000001010000000000001000000000100000011111000000011111000
00000000000001000010011111011111000000000000001111100000010000000000000000000
00111110000001000110010000000001000000000000001000000000010000000000000000000
00000010000001000010010000000001000000000000001000000000011111000001111100000
00000010000000000010011111011111000000000000001111100000000001000001000100100
00111110000000000010000000000000011111000000000000000010000001000001000101100
00000010000010000010000000000000000001000000000000000110011111000001111100100
00000010000110000010000000000000000001000000000001000010000000000000000100100
00111110000010000000000000000000011111000000000011000010000000000000000100100
00000000000010000000000000000000000001000111110001000010000000000001111100100
00000000000010000000000000000000000001000100010001000010000000000000000000100
00000000000010000000000000000000011111000100010001000010000000000010000000000
00000000000010000011111001000000000000000111110001000000000111110110000000000
00000000000000000000001011000000000000000100010001000000000000010010001111100
00000000000000010000001001000000000000000100010000001111100000010010000000100
00000000000000110011111001000111110000000111110000001000100111110010000000100
00111110000000010010000001000100010000000000000000001000100100000010001111100
00100000010000010010000001000100010000000000000000001111100100000010000000100
00100000110000010011111001000111110000000000000000001000100111110000000000100
00111110010000010000000000000000010000000000000000001000100000000000001111100
00000010010000010000000000000000010000000000000000001111100000000000000000000
00000010010000000000000000000111110011111000000000000000000000000000000000000
00111110010000000000000000000000000000001000000000000000000000000000000000000
00000000010000000000000000000000000000001000000000011111000000000111110000000
00000000000000000000010000000000000011111001111100010000000000000000010000000
00000000000000000000110000000000000000001001000100010000000000000000010000000
00000000000000000000010000000100000000001001000100011111000000000111110000000
00100000000111110000010000001100000011111001111100000001000000000100000000000
01100001000000010000010000000100000000000000000100000001000000000100000000100
00100011000000010000010000100100011111000000000100011111011111000111110001100
00100001000111110000010001100100000001000001111100000000000001000000000000100
00100001000000010000000000100100000001000000000000000000000001000000000000100
00100001000000010000000000100100011111000000000000000000011111000000000000100
00100001000111110000000000100000010000000000000000000000000001000000000000100
00000001000000000000000000100000010000000000000000000000000001000000000000100
00000000000000000000000000100000011111000000000000000000011111000000000000000
00000000000000000000000000000000000000000000000000000000000000000000000000000
00000000000000000000000000000000000000000000000000000000000000000000000000000
